(行者,4189,4.916269871762262,81.47143544208727)
(八戒,1747,5.3333286144975025,223.37125785291806)
(师父,1546,5.283203728738,182.78507109273983)
(三藏,1287,4.6865879835607815,144.7353126556275)
(大圣,1047,5.236441962829952,103.06102219974608)
(唐僧,972,5.42495001748142,136.47409364806805)
(沙僧,780,5.303304908059064,135.09009710754532)
(和尚,732,4.488636369732142,487.1591760299625)
(怎么,707,5.323009979138406,187.8279217728758)
(菩萨,623,5.225746673713214,763.6843322966733)
(长老,612,5.153291594497774,80.99467963334341)
(妖精,604,4.762173934797755,142.910363582619)
(老孙,563,5.068904202220224,71.42463961064296)
(什么,478,4.67282883446191,345.4120944444444)
(国王,455,4.779303395218087,120.75283148988089)
(呆子,417,4.356708826689594,167.07037678748816)
(徒弟,408,3.8712010109078947,264.03065728838226)
(闻言,348,3.9512437185814298,210.3367162015223)
(小妖,348,4.553876891600548,58.47779317294369)
(悟空,331,4.189654742026424,393.3188671919607)
(如何,321,3.90864372409775,87.68533689790159)
(宝贝,257,4.143134726391537,671.5761712471874)
(兄弟,255,4.094344562222102,231.15160332075996)
(如今,236,4.718498871295093,84.22343707772531)
(今日,236,4.562709268206292,113.91901463006413)
(取经,224,4.204692619390968,182.6285814575929)
(这般,215,4.219507705176104,64.26974432634302)
(西天,203,3.7841896339182655,61.746169585856926)
(铁棒,202,3.6888794541139402,460.2828850845038)
(师徒,200,2.824269116463954,57.59970064620123)
(认得,199,4.061624315441203,80.5030572479792)
(孙大圣,191,4.615120516841256,74.15131476838586)
(老爷,190,4.110873864173309,56.40477967440152)
(公主,190,4.317488113536302,362.5686411149826)
(东土,187,3.8066624897703174,341.16516586015854)
(果然,184,3.075938934734196,166.24403323052985)
(太子,178,4.2766661190160535,72.39361541630416)
(哥哥,177,3.0910424533583143,270.9432255824696)
(妖魔,174,4.304065093204166,50.01672053436759)
(性命,173,3.8918202981106305,340.444641965596)
(变作,170,3.877005028375689,204.7393323240881)
(师兄,166,3.8712010109078947,66.96700167945774)
(行李,164,3.8066624897703174,65.77075827579243)
(观看,157,3.479941101545632,92.84400914745036)
(土地,154,4.204692619390968,182.90655161393414)
(神通,152,3.9889840465642794,222.60480093676816)
(爷爷,151,3.4965075614664793,262.5695951659208)
(怎生,151,4.049778694674874,54.96389013264678)
(慌得,146,2.2702285072311996,69.28490798709922)
(模样,144,3.7841896339182655,1411.8490935815776)
(二十,144,2.2679191142707325,63.78360909744894)
(欢喜,142,3.8286413964890924,498.51964912280704)
(贫僧,139,4.077537443905717,154.63842880663717)
(多少,139,3.7841896339182655,258.91269900938346)
(空中,139,3.0910424533583143,59.23110200364299)
(八戒沙僧,139,4.204692619390968,53.07248616676207)
(变做,136,3.583518938456111,97.61678880452057)
(叫做,136,4.025351690735147,59.736748973416894)
(门外,134,3.912023005428145,76.81435753469785)
(不题,132,4.4426512564903184,54.44254965627458)
(兵器,131,3.931825632724322,956.5691629708641)
(手段,130,3.6888794541139402,344.16753170096274)
(十分,130,3.269098464376104,91.63191264529763)
(怪物,129,3.583518938456111,99.81082950028328)
(娘娘,123,3.912023005428145,577.1102453805156)
(衣服,122,3.7612001156935655,832.9929003556385)
(多时,122,3.610917912644226,54.02044908324653)
(近前,120,4.0604430105464155,109.85092063938912)
(仔细,120,2.9665071685306974,1810.4775989560678)
(猪八戒,120,4.110873864173309,108.62619897244605)
(变化,119,4.0604430105464155,153.36986457463752)
(师徒们,114,4.232480259511251,202.7365463494668)
(袈裟,114,3.713572066704311,4259.7388681413395)
(四众,113,3.713572066704311,68.98077906840315)
(西方,111,3.8918202981106305,73.36349847560975)
(左右,110,4.290459441148392,1297.7655328798185)
(所以,110,3.606831466879149,556.0771472988729)
(关文,109,3.178053830347946,610.9801120448178)
(晓得,109,3.4965075614664793,88.67383527116026)
(打死,109,3.3139463446166784,78.91567844370539)
(吩咐,109,3.5221827293932506,4143.130771478667)
(言语,108,3.8501476017100575,153.68994453136114)
(钉钯,105,3.5553480614894135,1084.6393471916138)
(拜佛,104,3.4339872044851467,119.35218214142341)
(拿住,101,3.9889840465642794,52.484854477537404)
(陛下,99,3.4657359027997248,189.5416188289323)
(忽见,99,2.379007105232445,51.0325376514753)
(孙悟空,99,3.5553480614894135,121.57362632175227)
(奈何,98,3.583518938456111,250.82658402203862)
(毫毛,97,3.2958368660043296,1222.24557409605)
(递与,97,2.3076949905678767,179.4523453945497)
(玉帝,97,3.7841896339182655,478.78474119611406)
(降妖,97,3.645874677617098,59.46896446078432)
(故此,97,3.8773854588104744,88.09109728680548)
(金箍棒,96,3.583518938456111,439.4771407454334)
(妖邪,96,3.912023005428145,117.10185918927156)
(半空,95,2.995732273553991,131.40840764195738)
(只听得,95,3.0060781631180364,91.42547185865327)
(方才,94,3.998161435512429,64.32407933501683)
(安排,93,2.8707645498690275,666.8402861041056)
(观音,91,2.410946714991113,371.5162115505336)
(扯住,90,3.5553480614894135,157.99757060431216)
(放心,90,3.4965075614664793,50.30698324022347)
(叩头,90,2.1327605555690634,211.8370836839391)
(抬头,88,2.87210526675317,92.23739685404848)
(特来,88,3.206576233957498,56.20225618363715)
(筋斗,87,2.9444389791664403,719.2894009216591)
(明日,87,3.669114671635386,66.11322457814641)
(忍不住,86,3.7612001156935655,428.8345409239026)
(收拾,85,3.026971342974933,943.93524151032)
(许多,84,3.0445224377234217,266.720518500888)
(沙和尚,84,4.043051267834554,54.67486338797815)
(径至,83,3.931825632724322,146.30818279147297)
(白马,81,3.6635616461296423,87.56402872316552)
(葫芦,81,3.583518938456111,5281.098496240602)
(本事,81,3.2580965380214835,104.97083504576872)
(汝等,80,3.8286413964890924,227.08013268156427)
(造化,80,3.4965075614664793,531.2903514034439)
(战兢兢,80,3.5553480614894135,1099.9704016913322)
(罗刹,79,2.8044930822700014,1623.5175573725166)
(未曾,78,3.991621942571054,183.8216605517054)
(只管,78,3.9512437185814298,62.21150709459045)
(小的们,77,3.2188758248681983,249.45529832251958)
(孩儿,76,3.583518938456111,184.69506567270147)
(东西,76,3.610917912644226,82.85503310703211)
(揭谛,75,3.367295829986472,3144.355358581789)
(求经,75,2.772588722239781,155.25364048698972)
(可怜,75,3.2051319313442743,434.1505340453939)
(金光,74,3.7376696182833657,54.00579597928485)
(耍子,73,3.598906784501404,91.03474244570518)
(佛祖,72,3.713572066704311,345.0363083724786)
(妇人,72,3.0910424533583143,111.05851380797792)
(南无,72,2.0794415416798357,69.32524983344436)
(雷音,71,3.0910424533583143,577.282481637756)
(方便,70,3.5553480614894135,54.6650156099904)
(御弟,70,3.401197381662154,199.8026113671275)
(牛王,70,3.713572066704311,66.20425510256018)
(皇帝,70,3.2188758248681983,806.8236597252991)
(用手,70,2.1725225171232543,61.25994926965801)
(受用,70,3.7612001156935655,271.3881623559043)
(礼拜,68,3.2958368660043296,115.13224469075217)
(多官,68,3.610917912644226,72.5991389747315)
(磕头,68,3.3304516065819287,192.06562254010475)
(悟能,67,3.2958368660043296,124.80902971715)
(这厮,67,2.9444389791664403,59.60787472127603)
(悟净,67,3.2580965380214835,272.12460577673687)
(保护,67,2.3729284058108067,626.2874955084441)
(更无,66,2.87975570978339,62.84981440944132)
(耳朵,66,3.401197381662154,1523.9371588337108)
(跪下,66,2.724046140298241,88.79427188382414)
(广大,65,2.3978952727983707,66.56901360765161)
(唤做,65,3.6635616461296423,145.16908482142856)
(灵山,65,3.4657359027997248,58.56580528742081)
(咒语,65,2.5649493574615376,594.5603023909986)
(唐朝,65,3.401197381662154,54.343289721908874)
(列位,64,3.1354942159291497,820.3977530304522)
(马匹,64,2.9444389791664403,315.7913584461894)
(驸马,63,3.2958368660043296,490.57139008620686)
(群妖,63,3.583518938456111,98.2230619400078)
(法力,62,3.4339872044851467,143.32374516259458)
(东土大唐,62,2.309175163413351,347.07005368882)
(在旁,62,3.2958368660043296,55.38140832496372)
(出家人,61,3.2580965380214835,126.57512163994576)
(合掌,61,3.367295829986472,777.287991966888)
(当年,61,3.5553480614894135,62.12053998719909)
(心惊,61,3.095072908527118,59.98383292383293)
(包袱,60,3.332204510175204,3411.7114754098357)
(金刚,60,3.401197381662154,244.97881156417745)
(须臾,60,2.4549946708168915,1411.9023066485752)
(洞口,59,3.367295829986472,51.17126449236104)
(昨日,59,3.367295829986472,298.4045299893068)
(雷公,59,3.332204510175204,225.6492597656537)
(齐天大圣,59,3.610917912644226,348.7488525335151)
(答应,58,3.178053830347946,858.4600591715977)
(路旁,58,2.833213344056216,159.86749311294764)
(好歹,58,2.772588722239781,213.4612359232641)
(七十,57,3.0048486235987677,82.83420479302832)
(门首,56,3.367295829986472,123.48385674931129)
(文武,56,3.2958368660043296,603.4800331400165)
(三藏闻言,56,3.486667075254594,65.05375595030767)
(即命,55,3.5263605246161633,55.09848735741957)
(驾云,55,2.9185144444629283,93.18777761857)
(胡说,55,3.0445224377234217,109.43001476110716)
(躬身,55,3.2580965380214835,237.06572886635513)
(闹天宫,55,2.6390573296152584,927.095509622238)
(祥光,54,3.2958368660043296,335.12785829307575)
(十六,54,2.9444389791664403,69.46923818707812)
(且莫,54,3.0806541358219777,50.38330517866557)
(了一遍,54,2.5649493574615376,60.50358342665174)
(西天取经,54,2.3978952727983707,578.5240919199407)
(莫想,53,2.8771244145686383,83.95797710388503)
(父母,53,3.637586159726386,65.28673437980916)
(干净,52,3.2188758248681983,350.8880473127204)
(箍儿,52,2.0794415416798357,67.31876225453603)
(保唐僧,51,2.6472034371424535,112.80560657075809)
(且休,51,3.178053830347946,148.3630660501317)
(在空中,51,3.178053830347946,63.909039892291055)
(吆喝,51,3.367295829986472,1472.6709956709956)
(神通广大,50,3.178053830347946,128.9317433884461)
(烦恼,50,3.401197381662154,1625.0812093953023)
(祥云,50,3.2958368660043296,193.2783535792563)
(方丈,50,3.178053830347946,131.54480177993526)
(嘴脸,49,3.1354942159291497,353.7003523960155)
(便罢,49,2.5958676007001626,51.95882671840671)
(猢狲,48,2.70805020110221,10193.358367346938)
(宝杖,48,3.2188758248681983,200.68891031822562)
(兄弟们,48,3.2958368660043296,71.95899209059083)
(既如此,47,2.5649493574615376,279.14888127853885)
(罗汉,47,3.2188758248681983,616.3904517039725)
(那里来的,47,2.1972245773362196,69.14901282116539)
(金星,47,2.6965937994580877,53.11947048754421)
(山坡,47,2.9444389791664403,132.97140837411638)
(孽畜,47,2.3025850929940455,3562.564393939394)
(半空中,47,2.70805020110221,175.82285015818238)
(直至,47,3.4965075614664793,126.08701615439747)
(惊动,46,3.2173009063760576,140.00910260910263)
(哪吒,46,2.639231866746156,8880.577365491652)
(其实,46,2.4050701454626187,423.8057090239411)
(先生,46,2.995732273553991,51.990398359466305)
(员外,45,2.995732273553991,431.66912496773483)
(将起来,45,3.2188758248681983,64.86062630896579)
(南海,45,3.0910424533583143,157.47154963680387)
(寡人,45,3.367295829986472,110.47193715054144)
(徒弟啊,45,2.4849066497880012,137.6126745662294)
(主公,45,2.833213344056216,85.87152026407485)
(万望,44,3.2967071293826797,103.28164871059137)
(佛南无,44,3.178053830347946,324.50116943314384)
(伏侍,44,2.299197017763,796.8735728209411)
(各各,44,3.583518938456111,116.6507039526316)
(金睛,44,2.9444389791664403,186.36705851704713)
(天晚,44,3.0910424533583143,55.42622776179823)
(旨意,44,3.0445224377234217,245.90562328803907)
(明白,44,2.995732273553991,82.90239335986587)
(樵子,44,3.1354942159291497,125.53649414887201)
(化斋,44,3.178053830347946,118.23948928785407)
(迎接,44,3.0445224377234217,265.50129894228985)
(天尊,44,3.2580965380214835,56.27893895813359)
(观音菩萨,43,3.2580965380214835,394.62187571657876)
(直裰,43,2.6390573296152584,1673.9467265245041)
(传旨,43,3.0445224377234217,382.56323529411765)
(旁边,43,2.772588722239781,172.78574297188752)
(慈悲,43,3.1354942159291497,1973.5619266055046)
(母亲,43,2.772588722239781,321.91283202394305)
(腰间,42,3.2188758248681983,204.83700787401574)
(利害,42,3.1354942159291497,639.1159076950075)
(相貌,42,3.2958368660043296,294.69612007929766)
(公公,42,2.890371757896165,66.32353191127731)
(在马上,42,2.9444389791664403,119.92959655776122)
(赌斗,42,3.0445224377234217,549.2111189303307)
(日月,42,3.332204510175204,55.90093782136882)
(木叉,42,3.2188758248681983,719.2894009216591)
(钵盂,42,2.772588722239781,5460.272863568216)
(忽然,42,3.1500509377292802,84.78250343366622)
(驿丞,42,3.0685377717971356,5224.00478125747)
(六十,41,2.890371757896165,52.74516232722598)
(害怕,41,3.2580965380214835,215.64841941386385)
(没奈何,41,2.353069721904404,421.0264477164173)
(海龙,41,2.3978952727983707,74.96468545844945)
(名字,41,2.772588722239781,170.6975065616798)
(清风,41,2.5755845345132307,71.23397448741068)
(先锋,41,2.921052068570984,760.9776683789954)
(随后,41,3.0685377717971356,81.3715935792975)
(皈依,41,3.4339872044851467,1154.3141774891774)
(星官,41,3.1354942159291497,92.67652297826862)
(筋斗云,41,2.5649493574615376,245.93004300257093)
(花果山,40,3.05093167713403,235.76490846474536)
(狂风,40,3.0445224377234217,303.43568658326774)
(乾坤,40,3.4339872044851467,9249.52888888889)
(全无,40,3.326675104344987,74.54327939080041)
(施主,40,2.5649493574615376,200.9796233703525)
(功曹,40,2.70805020110221,1295.9362351329473)
(十卷,40,2.1972245773362196,97.58488265772631)
(快早,40,2.921052068570984,95.72042921731772)
(抽身,40,2.70805020110221,283.97178217146285)
(倒换关文,40,3.137426295872537,809.9097135740972)
(拜佛求经,40,2.3978952727983707,555.1493811352967)
(圈子,40,2.833213344056216,132.14367805144423)
(慌忙,40,2.921052068570984,231.60879629629633)
(依言,40,2.70805020110221,64.24077046548956)
(连忙,40,3.1354942159291497,245.78892668178383)
(一只手,40,2.8705675929715113,57.644787537843214)
(莫念,39,2.4849066497880012,57.41208725914608)
(妈妈,39,2.70805020110221,3017.7207019631173)
(肚里,39,2.6390573296152584,64.3183529859262)
(郡侯,39,2.995732273553991,5804.105835240274)
(即忙,39,3.2580965380214835,85.19394901249495)
(挑担,39,2.6390573296152584,782.6565609812543)
(真假,39,2.9444389791664403,74.04044443633576)
(光明,39,3.401197381662154,54.549192293113315)
(按落云头,39,3.2580965380214835,249.16076033301403)
(牵马,39,2.001026601620422,147.24220654824103)
(呼呼,38,2.772588722239781,361.0721747388414)
(拜谢,38,2.7748929524725856,77.97559474979492)
(时节,38,2.4849066497880012,128.69647971671097)
(相迎,38,2.5649493574615376,89.99807903277936)
(进城,38,3.2958368660043296,67.15465612347492)
(计较,37,3.0910424533583143,2128.311995577667)
(元帅,37,2.5649493574615376,1029.9936864633494)
(花园,37,2.833213344056216,252.34089240771814)
(启奏,37,2.364849620096863,1255.7457273320288)
(件宝贝,37,2.3025850929940455,356.69042060403933)
(宝剑,37,2.9444389791664403,215.56237122637282)
(还未,37,2.9156789464033026,53.274061159540615)
(忽听得,37,3.2173009063760576,136.95633181559475)
(宝殿,37,2.772588722239781,65.41942609357584)
(在地下,37,3.0910424533583143,84.68084863041116)
(找寻,37,3.05093167713403,414.3117682506887)
(依然,37,2.9156789464033026,88.82697489848653)
(打破,37,2.980440578581667,56.71310224547634)
(将进去,36,2.833213344056216,59.0730627306273)
(底下,36,2.70805020110221,56.441885062874604)
(千万,36,3.2958368660043296,58.987113109859784)
(可以,36,3.332204510175204,53.73005163511187)
(买卖,36,2.9444389791664403,1729.6422569027611)
(记得,36,2.833213344056216,72.02962666707685)
(名唤,36,3.0445224377234217,141.81023622047243)
(尽皆,36,3.0253753567342354,223.3999188950645)
(往那里去,35,2.5429245729164722,101.74269894569815)
(奶奶,35,2.5649493574615376,3417.153312066054)
(芭蕉扇,35,2.9444389791664403,1079.8155834914612)
(远近,35,2.0794415416798357,164.40962441314554)
(手脚,35,2.5649493574615376,52.43066832509876)
(诸天,35,3.0910424533583143,61.476273749881834)
(明月,34,2.304409441195378,86.35115055306602)
(称谢,34,2.1733413302713895,233.3490396791895)
(渐渐,34,2.3965858188431923,1841.9121199500207)
(万岁,34,2.6390573296152584,201.05614657210398)
(国丈,34,2.995732273553991,93.03623683850675)
(暗喜,34,2.093259175449132,101.75279838941616)
(声音,34,2.9444389791664403,60.946508182601214)
(幌一幌,33,2.890371757896165,2081.1440000000002)
(假若,33,2.4867712747024293,68.47233499501496)
(婆婆,33,2.6390573296152584,623.0743939613878)
(女婿,33,2.4849066497880012,729.6208567057623)
(现了本相,33,2.933588151090412,467.4627133872417)
(容易,33,3.0445224377234217,1327.362814070352)
(安歇,33,2.9444389791664403,452.95971507716666)
(切莫,33,3.137426295872537,205.52847805788983)
(交战,33,2.4849066497880012,282.76413043478266)
(城池,33,2.833213344056216,427.2598730869728)
(睡觉,33,3.0445224377234217,354.19160391954614)
(左手,33,2.995732273553991,61.73836030204963)
(五百年前,33,2.222956109799999,233.13469842218183)
(倒在地,32,3.1354942159291497,327.6876082506692)
(心猿,32,3.1354942159291497,145.53454545454545)
(雷音寺,32,2.3978952727983707,852.7094494238156)
(牛魔王,32,2.9444389791664403,195.96459510357812)
(供养,32,3.2188758248681983,861.8911839312522)
(杀我也,32,2.6390573296152584,143.08558070781552)
(二则,32,2.724046140298241,108.76680255043378)
(金银,32,3.178053830347946,80.5708091366628)
(相持,32,3.0910424533583143,137.28428777571636)
(断然,32,2.2190609433733264,127.28125621148875)
(太宗,32,2.6154974605339607,630.8647645030503)
(看守,32,2.016428161628931,88.43513364211957)
(李天王,31,3.0445224377234217,244.95574387947266)
(行囊,31,2.772588722239781,62.69042047901492)
(战战兢兢,31,2.001026601620422,458.2064204545455)
(天竺国,31,2.6013345821065483,241.62371164908916)
(铃儿,31,2.70805020110221,91.36511227426188)
(霎时,31,2.00685945203982,342.75896803808234)
(荡荡,31,2.6390573296152584,1032.247424)
(晦气,31,2.995732273553991,713.9509539197026)
(寿星,31,2.604984585699122,251.38506857855361)
(借宿,31,2.995732273553991,667.585513245033)
(二位,31,2.890371757896165,51.962222451320244)
(辛苦,31,2.890371757896165,995.609012345679)
(鼻子,31,2.890371757896165,64.14776898815988)
(阴阳,31,2.4590373535458423,434.7403234501348)
(虽然,31,3.178053830347946,105.24408164330644)
(披挂,31,2.833213344056216,1192.6106181603077)
(洞府,30,2.9444389791664403,95.7464114832536)
(逃生,30,3.0910424533583143,157.99117355304975)
(等候,30,2.2833918282925674,100.92450341402855)
(水帘洞,30,2.9444389791664403,474.2519445794847)
(径转,30,2.995732273553991,81.06163529851675)
(莫怕,30,2.6758126027197604,57.68009578501586)
(君臣,30,2.995732273553991,379.4015556635877)
(闻言即,30,2.9444389791664403,54.23487470291456)
(武艺,30,2.833213344056216,3140.5593561368205)
(欢欢,30,2.0794415416798357,230.89615384615385)
(长短,30,2.6390573296152584,127.20929095354525)
(向西,30,2.364849620096863,60.23687866625501)
(停当,30,2.9444389791664403,155.4314336642734)
(问讯,30,2.3978952727983707,457.5685975609757)
(皇后,30,2.890371757896165,106.52866502866502)
(必然,30,3.0910424533583143,64.63501291989664)
(声响,30,2.5649493574615376,73.33136011275546)
(松林,30,2.6390573296152584,297.69186756179425)
(净瓶,29,2.995732273553991,650.918636755824)
(满心欢喜,29,2.538797063533322,882.3563742690059)
(低头,29,2.8530783557657045,66.50839493438771)
(急急,29,2.995732273553991,60.83891388848567)
(人参果,29,2.833213344056216,168.49016192071468)
(巡山,29,2.890371757896165,105.18742069965562)
(古人云,29,2.833213344056216,388.0434637245068)
(禅堂,29,2.9444389791664403,527.5996223512134)
(粗细,29,2.1972245773362196,540.2181883279627)
(打扮,29,2.4849066497880012,266.70485920845636)
(阎王,29,2.833213344056216,147.99409526051474)
(欣然,29,2.9444389791664403,475.4614608936787)
(尘埃,29,2.3025850929940455,3638.363636363636)
(成功,29,3.1354942159291497,110.90501076833739)
(天蓬,29,2.833213344056216,74.56827549396566)
(这猴子,29,2.4849066497880012,56.29183284397304)
(径入,29,2.5755845345132307,66.89615514214269)
(十余,28,2.0794415416798357,109.8643137254902)
(纷纷,28,3.0445224377234217,2973.0628571428574)
(猪羊,28,2.995732273553991,491.9962174940898)
(怠慢,28,2.7382469285332096,2938.2831787010896)
(世间,28,2.772588722239781,113.57299446480081)
(冷笑,28,2.4849066497880012,126.85482410309997)
(变作一个,28,2.890371757896165,55.96622358816751)
(祸事,28,2.2937599844196934,197.03804693311693)
(百余,28,2.1972245773362196,261.07541218637994)
(文牒,28,2.3025850929940455,874.4302521008402)
(英雄,28,2.833213344056216,2082.333905088622)
(院主,28,2.4849066497880012,204.4632701754386)
(恐怕,28,2.9444389791664403,138.26624399688694)
(早已,28,2.8530783557657045,72.66165563541506)
(弼马温,28,2.5649493574615376,6411.975352112676)
(昼夜,27,2.890371757896165,939.0188502673797)
(钦差,27,2.3978952727983707,819.0136427238808)
(苍蝇,27,2.70805020110221,6210.310344827587)
(夫妻,27,3.0445224377234217,1103.6865179132622)
(瑞气,27,2.995732273553991,392.23012704174226)
(玉皇,27,2.256708500918508,175.7722972972973)
(官员,27,2.772588722239781,260.3551412261843)
(滚滚,27,2.6390573296152584,448.39356506750937)
(右手,27,2.9444389791664403,57.98709629482861)
(急忙,27,2.218070977791825,97.94540662650603)
(楼台,27,2.890371757896165,362.0360290706665)
(报道大王,27,2.772588722239781,213.34855112083105)
(伽蓝,27,2.4849066497880012,2843.0928961748637)
(吊在,27,2.6390573296152584,50.569392096936184)
(五六,27,2.5649493574615376,58.86772100975562)
(谢恩,27,3.1354942159291497,189.91620700843612)
(入里面,27,2.890371757896165,219.93552730460922)
(威风,27,2.9444389791664403,102.40954422185285)
(十数,27,2.4849066497880012,56.75388655462185)
(焚香,27,2.7972170302081194,1000.9064481653011)
(架住,27,2.70805020110221,80.60895162678602)
(疼痛,27,2.7382469285332096,964.8160714285715)
(十分欢喜,27,2.218070977791825,438.3748478701826)
(入朝,26,2.364849620096863,58.67768437307515)
(爬起来,26,2.890371757896165,83.02606027128215)
(盘缠,26,2.772588722239781,666.376157635468)
(油锅,26,2.3025850929940455,1160.5555936856554)
(既然,26,2.4849066497880012,52.327267944730686)
(金丹,26,2.6094952679903822,58.62428276734793)
(虫儿,26,2.5649493574615376,52.57742745427267)
(刺史,26,2.772588722239781,6611.650048875855)
(中华,26,2.1379343692912176,55.3296521710677)
(惫懒,26,2.70805020110221,8042.470868014268)
(似这般,26,3.0445224377234217,142.99615221987312)
(云雾,26,2.995732273553991,69.2252062309377)
(强盗,26,2.772588722239781,1225.3112318840579)
(消息,26,2.772588722239781,613.7675136116153)
(奉旨,26,2.7972170302081194,267.73747649678376)
(说得有理,25,2.381738689071427,210.97009115385862)
(二郎,25,2.70805020110221,133.00288355351955)
(烟火,25,2.6640162192458265,102.24541131155917)
(无奈,25,2.2935536594740795,52.51912866170028)
(在手中,25,2.1972245773362196,85.38404983687481)
(斋饭,25,2.1972245773362196,129.43468136767106)
(灯火,25,2.2935536594740795,72.71764166554854)
(称为,25,2.772588722239781,76.90804488960893)
(泼魔,25,2.3978952727983707,70.27321252984969)
(钯筑,25,2.0794415416798357,316.49877119984427)
(翻身,25,2.890371757896165,53.5597666077833)
(驮着,25,2.4645233086575833,50.197011446345726)
(丑陋,25,2.6390573296152584,4168.958333333333)
(自己,25,2.833213344056216,440.08492353498445)
(展开,25,2.4645233086575833,174.27447880379438)
(拦住,25,2.218070977791825,213.05733005733003)
(说了一遍,25,2.2937599844196934,113.29875265670184)
(不打紧,25,2.3025850929940455,56.177657038214356)
(即变做,25,2.3025850929940455,115.64789458709723)
(勾当,25,2.1972245773362196,432.80704089441986)
(饶命,25,2.1972245773362196,115.70962174856776)
(筵宴,25,2.4849066497880012,1802.7927927927926)
(努力,25,2.995732273553991,932.4790307548927)
(在何处,25,2.5429245729164722,72.5764423613436)
(蟠桃,25,2.538797063533322,3444.690148305085)
(石崖,25,2.3025850929940455,201.9492920134145)
(无踪,24,2.70805020110221,141.00050813581905)
(之类,24,2.906135054190541,103.95324675324676)
(念念,24,2.833213344056216,50.961591674318946)
(火焰山,24,2.6758126027197604,147.60933399531882)
(山神土地,24,2.772588722239781,251.48256902906166)
(悄悄的,24,2.2935536594740795,73.88064894032446)
(三年前,24,2.772588722239781,54.9288429054054)
(思量,24,2.3894560597960672,743.2657142857142)
(森森,24,2.5649493574615376,2866.5895316804404)
(莲台,24,2.4849066497880012,815.4952978056426)
(齐整,24,2.6390573296152584,179.1181558676287)
(浑身,24,2.334811555570341,108.61920668058454)
(自幼,24,2.222956109799999,214.2159853150572)
(阴风,24,2.9444389791664403,60.97339739833587)
(仙童,24,2.70805020110221,72.60226757369615)
(使铁棒,24,2.772588722239781,117.74506364922205)
(轻轻的,24,2.772588722239781,54.6074361732833)
(罗刹女,24,2.9444389791664403,248.52448053498924)
(更不曾,24,3.1354942159291497,100.30576441102758)
(黄袍,24,2.4849066497880012,760.6983856229058)
(急回头,24,2.995732273553991,195.14688921187113)
(风吹,24,2.9444389791664403,93.6692771626609)
(正欲,24,2.334811555570341,52.593099265449155)
(两班,24,2.1299199855325717,130.04169877736354)
(发怒,24,2.833213344056216,184.4168365086398)
(老鼋,23,2.6390573296152584,79.46568119637688)
(吓得,23,2.1733413302713895,66.77256241141875)
(报仇,23,2.8530783557657045,472.5016978599068)
(闻得此言,23,2.833213344056216,430.9485018726592)
(侍立,23,2.772588722239781,364.2683023347843)
(身体,23,2.772588722239781,66.61978009742519)
(年纪,23,2.5649493574615376,490.534043861447)
(荆棘,23,2.9444389791664403,10858.963702359344)
(挡住,23,2.772588722239781,207.3211711711712)
(火烧,23,2.70805020110221,76.83590810442912)
(提着,23,2.1379343692912176,58.49625067214156)
(个大字,23,2.0794415416798357,76.62042515046741)
(金銮殿,23,2.4849066497880012,416.95393728223)
(枪刀,23,2.772588722239781,259.7759253229133)
(捉住,23,2.5349803604713506,52.333499518936414)
(阶前,23,2.1972245773362196,120.55547943825432)
(解数,23,2.3978952727983707,118.45282309154258)
(按下云头,23,2.2935536594740795,220.4114418330509)
(悚惧,23,2.833213344056216,4168.0870776732845)
(恕罪,23,2.4849066497880012,1417.8409952606635)
(难禁,23,2.3978952727983707,266.4034818228367)
(临凡,23,2.5649493574615376,829.1697616407982)
(须臾间,23,2.779781356182256,314.0834120734908)
(躲过,23,2.0794415416798357,147.00955773955775)
(流沙河,23,2.70805020110221,1545.2709194214876)
(腾云,23,2.1733413302713895,96.79504642961142)
(长枪,23,2.70805020110221,52.717363818586314)
(吃酒,23,2.995732273553991,50.99756232686981)
(时候,23,2.3978952727983707,80.05899432669663)
(里远近,23,2.0794415416798357,130.05029614736728)
(护持,23,2.408231342447784,297.3062857142857)
(朱紫国,23,2.6758126027197604,498.6489707475623)
(变做一个,22,2.4849066497880012,68.7085334229735)
(但恐,22,2.7972170302081194,93.57661870503597)
(小钻风,22,2.70805020110221,302.595817802099)
(更时分,22,2.0794415416798357,439.3632734530938)
(忙忙,22,2.6390573296152584,138.00024112654324)
(今番,22,2.890371757896165,99.49317664238653)
(嘤的,22,2.0794415416798357,62.232798882165206)
(施威,22,2.6094952679903822,369.76004651763793)
(解脱,22,2.833213344056216,84.59934959349593)
(若肯,22,2.772588722239781,65.05423131571469)
(帅众,22,2.772588722239781,115.11331020264497)
(五庄观,22,2.772588722239781,763.289677247266)
(寺院,22,2.3025850929940455,277.48586666666665)
(紧闭,22,2.3025850929940455,591.5396382428941)
(早晚,22,2.3025850929940455,109.28082335643771)
(太监,22,2.5649493574615376,484.74535213653496)
(茶饭,22,2.4849066497880012,222.08129450340508)
(行李马匹,22,2.1972245773362196,95.04676653270005)
(海龙王,22,2.1972245773362196,131.43966744752194)
(礼毕,22,2.4849066497880012,113.05873056636574)
(王父子,22,2.3025850929940455,131.43966744752194)
(风响,22,2.3978952727983707,59.8442604094778)
(适才,22,2.5649493574615376,229.40299823633154)
(几句,22,2.6390573296152584,195.36255333674688)
(馆驿,22,2.5649493574615376,1863.9133691581176)
(紧箍儿咒,22,2.1972245773362196,1344.4082687338503)
(摆列,22,2.5349803604713506,473.2610601174233)
(龙床,22,2.0794415416798357,227.5740501421556)
(次日,21,2.3025850929940455,80.32823838196695)
(拽开步,21,2.6758126027197604,1628.8023255813955)
(开了门,21,2.70805020110221,113.86831052702885)
(死活,21,2.1972245773362196,124.31455228126066)
(胆战,21,2.3025850929940455,193.99868607954548)
(琉璃,21,2.3894560597960672,16783.41935483871)
(校尉,21,2.4849066497880012,15049.595041322313)
(搀着,21,2.052600145256312,55.893788559326374)
(路程,21,2.3025850929940455,163.58255479698167)
(手执,21,2.0840213529374987,61.81685789938217)
(垂泪,21,2.3978952727983707,764.1097978879642)
(逍遥,21,2.222956109799999,5750.529473684211)
(之际,21,2.1379343692912176,166.75833333333333)
(杨柳,21,2.4849066497880012,2457.491228070176)
(伏虎,21,2.1972245773362196,170.88973348348347)
(伯钦,21,2.6390573296152584,3469.67481740235)
(霞光,21,2.70805020110221,199.9342336407554)
(虎豹,21,2.6390573296152584,769.0038006756756)
(无穷,21,2.890371757896165,165.43525528435586)
(举钯,21,2.3978952727983707,155.76758906804673)
(拜毕,21,2.3978952727983707,69.85803341368134)
(心中大怒,21,2.093259175449132,400.22)
(美猴王,21,2.890371757896165,223.65524441169245)
(即唤,21,2.833213344056216,50.81390568319226)
(死罪,21,2.5649493574615376,110.17450841988504)
(物件,21,2.70805020110221,115.36274944567627)
(闻此言,21,2.6390573296152584,206.83791458427987)
(九霄,21,2.3025850929940455,401.6913970588235)
(犀牛,21,2.6390573296152584,1240.7456279809223)
(几番,20,2.1733413302713895,135.38537600832683)
(饮酒,20,2.9444389791664403,417.11307972902557)
(谢不尽,20,2.0794415416798357,314.1823671497585)
(河边,20,2.6390573296152584,64.75729363735935)
(坡前,20,2.0794415416798357,64.9951280449719)
(快快,20,2.538797063533322,61.60110347440519)
(暗暗,20,2.309175163413351,111.8593926363881)
(说那里话,20,2.3025850929940455,212.8046136856313)
(索战,20,2.70805020110221,163.09905956112854)
(耍耍,20,2.6390573296152584,456.3712117889566)
(山凹里,20,2.3978952727983707,104.15927609056875)
(师徒四众,20,2.70805020110221,213.40689089417558)
(男女,20,2.5649493574615376,185.92267009719842)
(钻入,20,2.6013345821065483,104.26573146292587)
(致令,20,2.833213344056216,666.6060217809097)
(拴在,20,2.3025850929940455,58.06115388907488)
(伺候,20,2.6758126027197604,4817.462962962963)
(踪迹,20,2.1972245773362196,3327.7006715701955)
(水底,20,2.2937599844196934,84.64339168347759)
(宝塔,20,2.4849066497880012,112.8211466736057)
(走兽,20,2.3978952727983707,92.94638869535703)
(胜败,20,2.0794415416798357,329.1907624169567)
(念咒,20,2.3894560597960672,116.78698092031425)
(向东,20,2.538797063533322,56.579886032450304)
(失迎,20,2.3978952727983707,185.4554527794115)
(都是些,20,2.9444389791664403,72.0617728531856)
(不亚,20,2.6390573296152584,62.06293539459872)
(廊下,20,2.3978952727983707,68.66014753817122)
(锦绣,20,2.890371757896165,593.1212950296398)
(这才是,20,2.7972170302081194,71.17358175674751)
(宫娥,19,2.3978952727983707,424.7050180443375)
(高峰,19,2.3025850929940455,137.44086200903723)
(在云端里,19,2.772588722239781,127.28791429527956)
(阴司,19,2.4849066497880012,790.3289094979215)
(世界,19,2.6390573296152584,245.91855316184888)
(童男,19,2.3025850929940455,458.5080705009277)
(倘或,19,2.890371757896165,1790.8394927536235)
(女童,19,2.5649493574615376,63.441368245411375)
(天涯,19,2.4849066497880012,197.45593640140623)
(喜喜欢欢,19,2.3894560597960672,825.8507936507935)
(斋供,19,2.5649493574615376,180.6944870951232)
(扶着,19,2.772588722239781,56.4814165157324)
(助力,19,2.70805020110221,236.22802112457285)
(昏君,19,2.1972245773362196,221.94508307139648)
(推倒,19,2.5649493574615376,109.91631827077035)
(足踏,19,2.6390573296152584,708.1763736657354)
(玄奘,19,2.1972245773362196,5473.662236987819)
(五色,19,2.6390573296152584,51.22198847620628)
(呼唤,19,2.70805020110221,162.48247863247863)
(教小的们,19,2.3894560597960672,142.80562818716322)
(绣球,19,2.3025850929940455,3230.5339869281047)
(途中,19,2.5649493574615376,118.46220400728599)
(蓬莱,19,2.6390573296152584,5095.584536082474)
(峥嵘,19,2.70805020110221,27383.473684210523)
(火眼金睛,19,2.5649493574615376,674.8197146562906)
(福地,19,2.4849066497880012,107.3546838687257)
(立于,19,2.70805020110221,135.20945945945948)
(擂鼓,19,2.3978952727983707,3653.153732446416)
(全真,19,2.6390573296152584,57.209359121265784)
(欺心,19,2.4849066497880012,75.28891089108913)
(翻波,19,2.4849066497880012,403.40477453580905)
(护法,19,2.2937599844196934,71.99354744738184)
(那怪闻言,18,2.538797063533322,58.72228840872323)
(金铙,18,2.3978952727983707,281.30325603748645)
(层层,18,2.3978952727983707,451.6371527777778)
(连夜,18,2.70805020110221,93.68895558223288)
(情愿,18,2.6390573296152584,234.22238895558223)
(钢刀,18,2.4849066497880012,458.6711724948575)
(管待,18,2.463120174307574,106.5529058389842)
(本寺,18,2.3978952727983707,67.43580918091808)
(酬谢,18,2.6390573296152584,669.7045194508008)
(巍巍,18,2.6390573296152584,3463.442307692308)
(跳在空中,18,2.6390573296152584,336.68205349439165)
(腾腾,18,2.0794415416798357,609.0757023933403)
(邪魔,18,2.3025850929940455,59.24796447076239)
(南赡部洲,18,2.4849066497880012,1445.2388888888888)
(十三年,18,2.1972245773362196,104.63267973856209)
(莫哭,18,2.1972245773362196,66.58098366250051)
(太上老君,18,2.1299199855325717,1123.7278617710583)
(在旁边,18,2.1972245773362196,72.9140072095359)
(朋友,18,2.4849066497880012,10877.059233449476)
(重重,18,2.70805020110221,191.74767101410697)
(密密,18,2.6094952679903822,1857.7956754612176)
(大惊失色,18,2.5649493574615376,136.80336561637228)
(江山,18,2.3978952727983707,62.87064225726542)
(发狠,18,2.222956109799999,399.80993852459017)
(二十八宿,18,2.70805020110221,463.690052978165)
(报怨,18,2.463120174307574,412.9253968253968)
(心焦,18,2.4849066497880012,141.25411764705882)
(八百里,18,2.0794415416798357,84.8154105308917)
(木母,18,2.5649493574615376,163.35510204081632)
(鞍辔,18,2.6390573296152584,8309.803016858918)
(御花园,18,2.3978952727983707,1506.6196911196907)
(掀翻,18,2.222956109799999,1497.7047817047815)
(帖儿,18,2.6390573296152584,97.7797406502537)
(摩昂,18,2.309175163413351,2567.2006578947367)
(飞禽,18,2.3978952727983707,408.70856245090334)
(将军,18,2.5649493574615376,76.79498154981549)
(索性,18,2.772588722239781,153.41384224752233)
(乒乓,18,2.19807066673184,15660.782608695652)
(传令,17,2.3978952727983707,145.820067264574)
(居住,17,2.3978952727983707,91.59016257636947)
(嫂嫂,17,2.0794415416798357,6460.81957633309)
(金铃,17,2.4849066497880012,81.96365557120616)
(众臣,17,2.6390573296152584,77.1890528593994)
(令郎,17,2.0794415416798357,431.1201988691752)
(七十二,17,2.0794415416798357,145.9764981597927)
(莫念莫念,17,2.0794415416798357,728.6918767507002)
(心肝,17,2.1972245773362196,212.616875)
(工夫,17,2.70805020110221,1008.3062015503875)
(十岁,17,2.0794415416798357,51.310256410256414)
(井中,17,2.1972245773362196,56.99596607897721)
(条绳,17,2.0794415416798357,157.50519980055557)
(拖着,17,2.4849066497880012,59.86572811262647)
(争持,17,2.70805020110221,368.92020855057353)
(显神通,17,2.70805020110221,440.83243620414663)
(简帖,17,2.0289883077524675,3770.188405797101)
(在路旁,17,2.6390573296152584,51.053773247289975)
(器械,17,2.3025850929940455,2767.478723404255)
(通天河,17,2.3978952727983707,809.9690476190476)
(径直,17,2.5649493574615376,65.88646047495604)
(灯光,17,2.5649493574615376,61.391956799378086)
(少顷,17,2.3025850929940455,471.650509251853)
(向南,17,2.70805020110221,77.75019338959211)
(唐僧四众,17,2.4849066497880012,80.52789613605738)
(山坡下,17,2.1972245773362196,72.02011220493277)
(降妖杖,17,2.6390573296152584,536.3773195876288)
(是甚人,17,2.3978952727983707,50.22208216222354)
(吉凶,17,2.4849066497880012,866.4637539184953)
(息怒,17,2.4849066497880012,412.1557315936626)
(烟霞,17,2.6390573296152584,609.1502754820937)
(文武多官,17,2.3978952727983707,856.0648470770423)
(岸边,17,2.0794415416798357,110.0873991835109)
(牵马挑担,17,2.2937599844196934,2824.030012771392)
(看不尽,17,2.309175163413351,52.72330710538864)
(绳索,17,2.5649493574615376,301.97548651416867)
(肯放,17,2.0794415416798357,59.67709767090383)
(端坐,17,2.2937599844196934,102.22555852201148)
(现了本象,17,2.5649493574615376,560.0140559706217)
(神威,17,2.3025850929940455,63.81942680674208)
(荒山,17,2.3025850929940455,100.20008609751676)
(后园,17,2.3978952727983707,87.2480863320707)
(令牌,16,2.3978952727983707,369.60333880921723)
(金光寺,16,2.381738689071427,409.0700737100737)
(奇花,16,2.6390573296152584,188.74877562125883)
(喧哗,16,2.5649493574615376,10881.798692810456)
(芭蕉洞,16,2.3978952727983707,187.78651026392959)
(南北,16,2.6390573296152584,235.95736961451243)
(米饭,16,2.3978952727983707,373.73511717697767)
(舅爷,16,2.1972245773362196,691.7546950307462)
(拽步,16,2.4849066497880012,408.42782847610636)
(馍馍,16,2.3025850929940455,5764.941828254847)
(走近前,16,2.70805020110221,58.24640358242373)
(涧边,16,2.3978952727983707,90.19433128196238)
(身躯,16,2.5649493574615376,263.3192889226292)
(径奔,16,2.381738689071427,156.07799610019498)
(险峻,16,2.3025850929940455,3693.2457852706298)
(怎见得,16,2.0794415416798357,112.80830419817329)
(船儿,16,2.3978952727983707,54.72446390302265)
(虎狼,16,2.3978952727983707,305.6909518213866)
(指望,16,2.6390573296152584,99.9156944644486)
(半夜,16,2.4849066497880012,54.28835268031824)
(半晌,16,2.093259175449132,1025.4466617393448)
(相逢,16,2.381738689071427,114.4035731464303)
(诸神,16,2.5649493574615376,60.06534287693372)
(蒙菩萨,16,2.3025850929940455,93.44112067707572)
(在树上,16,2.1972245773362196,69.67338466688985)
(瑶草,16,2.1972245773362196,813.4234903263631)
(商量,16,2.70805020110221,1651.7015873015873)
(文书,16,2.5649493574615376,166.5581432573029)
(之辈,16,2.309175163413351,66.8705096073517)
(寇家,16,2.5649493574615376,106.88977914740626)
(朦胧,16,2.5649493574615376,24775.52380952381)
(碗来粗细,16,2.1972245773362196,1825.5649122807015)
(柱上,16,2.1972245773362196,72.95859772129711)
(在半空中,16,2.5649493574615376,59.29649758884243)
(太平,16,2.1299199855325717,89.89822894168466)
(整衣,16,2.1299199855325717,122.81577433203995)
(玲珑,16,2.6390573296152584,25772.68111455108)
(谁敢,16,2.3978952727983707,86.66738849789698)
(褊衫,16,2.3978952727983707,21678.583333333332)
(梆铃,16,2.4849066497880012,3279.974783293932)
(撞入,16,2.2937599844196934,80.59186972979775)
(水晶宫,16,2.381738689071427,505.8687408847837)
(混沌,16,2.1972245773362196,8442.774847870181)
(虎皮裙,16,2.3025850929940455,1654.3275039745627)
(遍地,16,2.309175163413351,57.4790510122352)
(相助,16,2.3978952727983707,108.21959621959623)
(弥勒,16,2.6390573296152584,2218.703624733476)
(缰绳,16,2.0794415416798357,1248.8112811281126)
(决不敢,15,2.5649493574615376,203.8152568488679)
(姓名,15,2.4849066497880012,117.27309611107772)
(孤拐,15,2.1972245773362196,1669.3668449197862)
(西域,15,2.3978952727983707,559.848637015782)
(棒架,15,2.1972245773362196,85.55740706228006)
(尸首,15,2.1972245773362196,852.9278688524589)
(甘雨,15,2.3978952727983707,635.4250122129945)
(州城,15,2.3978952727983707,439.2823370482945)
(宇宙,15,2.5649493574615376,9127.82456140351)
(周围,15,2.4849066497880012,1233.294879898862)
(问曰,15,2.3978952727983707,66.05743838028168)
(等老猪,15,2.4849066497880012,61.93094527679025)
(干粮,15,2.0794415416798357,771.7850079113924)
(丝绳,15,2.3978952727983707,386.35099009900995)
(泼猢狲,15,2.0794415416798357,719.4220132743363)
(挑着担,15,2.0794415416798357,1019.3691222570533)
(半个时辰,15,2.1972245773362196,540.7628880266076)
(衣裳,15,2.3978952727983707,926.8752969121139)
(不知好歹,15,2.381738689071427,57.49948426264294)
(策马,15,2.0289883077524675,257.7715021799445)
(必须,15,2.4849066497880012,74.66791044776119)
(艳艳,15,2.19807066673184,2241.967825337547)
(村舍,15,2.0794415416798357,569.5314894548638)
(凤仙郡,15,2.2937599844196934,3902.145)
(打劫,15,2.4849066497880012,104.16692249169124)
(囫囵,15,2.0794415416798357,34685.73333333333)
(罢罢罢,15,2.5649493574615376,367.95332390381895)
(光彩,15,2.4849066497880012,69.81830381105743)
(金蝉,15,2.0794415416798357,309.0073645866329)
(依旧,15,2.5649493574615376,204.94459033613447)
(医治,15,2.4849066497880012,865.6044809228039)
(惊恐,15,2.6390573296152584,68.97539462287664)
(嘻嘻,15,2.3025850929940455,7621.376953125001)
(啼哭,15,2.4849066497880012,550.2178510998308)
(虔心,15,2.3978952727983707,240.13200000000003)
(果品,15,2.3978952727983707,177.7904592673592)
(脑后,15,2.3025850929940455,167.01527991782228)
(那些小妖,15,2.2937599844196934,70.34440798961639)
(号令,15,2.0794415416798357,273.41262612107624)
(宝象国,15,2.4849066497880012,528.4595070422536)
(衣冠,15,2.4849066497880012,411.94457640538394)
(水伯,15,2.4849066497880012,171.5379374010902)
(城隍,15,2.3025850929940455,1229.9905437352245)
(瑞霭,15,2.4849066497880012,3531.3529411764703)
(刚才,15,2.3025850929940455,88.77388752388752)
(诸佛,15,2.3978952727983707,83.5255147908729)
(笑吟吟,15,2.1299199855325717,543.6635318704284)
(岂知,15,2.4849066497880012,59.34685900701886)
(富贵,15,2.3978952727983707,3515.4459459459463)
(闪过,15,2.5649493574615376,74.3223244386035)
(传旨教,15,2.1972245773362196,201.88555759629563)
(越发,15,2.1299199855325717,349.5606019887127)
(太乙,15,2.1972245773362196,1123.7278617710583)
(指示,15,2.0794415416798357,1115.5360205831903)
(认不得,14,2.0794415416798357,58.53426550948248)
(狐狸,14,2.4849066497880012,5603.080000000001)
(商议,14,2.3978952727983707,5419.645833333333)
(参拜,14,2.2937599844196934,91.13662979830839)
(好便似,14,2.5649493574615376,222.37159604347295)
(群猴,14,2.1972245773362196,117.65472460022613)
(呐喊,14,2.1972245773362196,4372.151260504203)
(投西,14,2.19807066673184,111.03664634146341)
(仙境,14,2.5649493574615376,195.7749825296995)
(痛哭,14,2.3978952727983707,355.52538071065993)
(簇簇,14,2.3978952727983707,1778.3212890625002)
(求雨,14,2.3978952727983707,92.4776740938234)
(斯文,14,2.3025850929940455,738.7427991886409)
(照旧,14,2.4849066497880012,313.2096663226694)
(钟鼓,14,2.093259175449132,524.0667673933376)
(喊声,14,2.093259175449132,69.14099667774087)
(相识,14,2.1972245773362196,62.194250194250195)
(洗澡,14,2.3025850929940455,3891.0277777777783)
(飞腾,14,2.4849066497880012,146.12429786551115)
(青松,14,2.2937599844196934,134.8540008146036)
(乔松,14,2.3978952727983707,2014.3816371681417)
(甘露,14,2.3978952727983707,1862.9166240409206)
(猪悟能,14,2.2937599844196934,330.4452207049858)
(峻岭,14,2.3025850929940455,1292.6360248447204)
(四下里,14,2.4849066497880012,153.92426355606273)
(炉中,14,2.1972245773362196,64.61574764033782)
(通关文牒,14,2.0794415416798357,1429.357142857143)
(跪倒,14,2.1972245773362196,84.27438911514254)
(灼灼,14,2.3025850929940455,3939.4288804759335)
(鱼精,14,2.0794415416798357,73.94552560783717)
(烧火的,14,2.5649493574615376,61.05414738818481)
(格子,14,2.093259175449132,87.87554590421041)
(念动真言,14,2.3025850929940455,419.7063670411985)
(好去处,14,2.1972245773362196,82.84432009462718)
(紧随,14,2.3978952727983707,85.29478442118082)
(双双,14,2.3978952727983707,176.7576014948191)
(骷髅,14,2.1972245773362196,37163.28571428571)
(夜叉,14,2.1972245773362196,172.7704933586338)
(受苦,14,2.6390573296152584,87.02513739545996)
(皈正,14,2.3025850929940455,97.1511416986769)
(搀住,14,2.1972245773362196,76.30425309029961)
(赶上前,14,2.1299199855325717,51.7006700357731)
(上写着,14,2.4849066497880012,117.59773974814335)
(诚所谓,14,2.5649493574615376,3139.656896551724)
(怕他怎的,14,2.3978952727983707,97.68663582109568)
(立定,14,2.3978952727983707,65.82565789473684)
(钢叉,14,2.3978952727983707,716.365460267506)
(馆中,14,2.0794415416798357,72.10742852617408)
(后妃,14,2.3025850929940455,176.864898989899)
(天色将晚,14,2.3978952727983707,249.41802492809202)
(查勘,14,2.4849066497880012,6756.961038961039)
(好道也,14,2.5649493574615376,59.507891898957546)
(围住,14,2.381738689071427,58.07226341385633)
(黄昏,14,2.4849066497880012,165.97935513273328)
(狼虫,14,2.3025850929940455,577.9120913995558)
(彩雾,14,2.0794415416798357,206.4626984126984)
(府县,14,2.4849066497880012,726.0769537480064)
(金圣宫,14,2.3978952727983707,275.8674443266172)
(畜生,14,2.0794415416798357,88.85315572470664)
(当驾官,14,2.3978952727983707,634.4951219512196)
(香案,14,2.3025850929940455,422.43252334280584)
(穿一领,14,2.3025850929940455,1297.0092592592591)
(传报,14,2.4849066497880012,70.84504357298475)
(宝阁,13,2.4849066497880012,84.77111846392943)
(僮仆,13,2.0794415416798357,17342.866666666665)
(拯救,13,2.3978952727983707,778.6022792678716)
(明珠,13,2.0794415416798357,126.87284050196017)
(佛像,13,2.3025850929940455,380.71135877518856)
(侮着,13,2.0794415416798357,156.61467571259865)
(簇拥,13,2.1972245773362196,1304.7295524691358)
(念声咒语,13,2.1972245773362196,1051.0828282828284)
(吊桶,13,2.3025850929940455,3463.245263696876)
(大王爷爷,13,2.0794415416798357,117.32788648348598)
(摸摸,13,2.3978952727983707,613.4891609977325)
(低着头,13,2.0289883077524675,268.32697266632283)
(迭迭,13,2.3025850929940455,2010.617717003567)
(老拙,13,2.3025850929940455,75.39368200463706)
(金平府,13,2.4849066497880012,420.8386012941762)
(光辉,13,2.4849066497880012,253.29431150058048)
(将下去,13,2.4849066497880012,58.587720665939045)
(剖开,13,2.3978952727983707,315.5013527381285)
(鸡鸣,13,2.3978952727983707,1220.0068542568542)
(霎时间,13,2.2937599844196934,343.5975615951232)
(哪吒太子,13,2.4849066497880012,188.304741223308)
(红孩儿,13,2.1972245773362196,225.09711128860488)
(筵席,13,2.0794415416798357,1284.6567901234566)
(黄门官,13,2.0794415416798357,654.6378242353852)
(六七,13,2.0794415416798357,57.03735748498955)
(急转身,13,2.2937599844196934,213.9469222496362)
(会同馆,13,2.0794415416798357,934.0861759425494)
(跟随,13,2.093259175449132,118.80344972950186)
(奉承,13,2.3025850929940455,417.1272278754239)
(沙悟净,13,2.3025850929940455,92.44598436389481)
(整治,13,2.0289883077524675,428.6803143617695)
(灯笼,13,2.3978952727983707,249.17911877394633)
(比丘国,13,2.3978952727983707,170.417949557812)
(家私,13,2.3978952727983707,150.84116859946474)
(慌了手脚,13,2.3978952727983707,1140.9780701754385)
(星辰,13,2.0794415416798357,219.05359976681675)
(一副,13,2.3978952727983707,50.287492286302694)
(入洞里,13,2.0794415416798357,102.90936477748194)
(胡谈,13,2.0794415416798357,845.9934959349594)
(贵处,13,2.3025850929940455,106.44819011646206)
(舍不得,13,2.1972245773362196,103.07403230722339)
(凶顽,13,2.1972245773362196,556.9596508563899)
(两界山,13,2.3025850929940455,262.7094694321448)
(响一声,13,2.3978952727983707,111.27098345013654)
(关了门,13,2.0289883077524675,122.85383707201888)
(捆住,13,2.3025850929940455,62.17795550652693)
(刀砍,13,2.4849066497880012,298.5002868617326)
(举步,13,2.1972245773362196,115.48881603660827)
(香茶,13,2.1972245773362196,84.75943307560244)
(斗牛宫,13,2.4849066497880012,703.527980029124)
(能彀,13,2.0794415416798357,156.95994616170054)
(乱谈,13,2.1972245773362196,326.19811912225697)
(魂飞魄散,13,2.1972245773362196,1789.3433862433862)
(感激,13,2.1972245773362196,2552.3464150943396)
(嫔妃,13,2.0794415416798357,5202.86)
(蒸吃,13,2.3025850929940455,66.53928184948352)
(意欲,13,2.4849066497880012,74.73969302849817)
(教诲,13,2.3978952727983707,578.7385984427142)
(殷勤,13,2.5649493574615376,16258.9375)
(松柏,13,2.2937599844196934,680.1808125502814)
(幽冥,12,2.3025850929940455,3515.445945945946)
(四海龙王,12,2.1972245773362196,226.11299435028246)
(顽耍,12,2.3025850929940455,599.2352433054996)
(名号,12,2.0794415416798357,96.01734744094489)
(昨夜,12,2.3025850929940455,204.03372549019605)
(现了原身,12,2.1972245773362196,334.2129436325679)
(法术,12,2.0794415416798357,348.60033500837517)
(铜锤,12,2.0794415416798357,2379.3567073170734)
(两班文武,12,2.0794415416798357,410.13151152860803)
(菩萨南无,12,2.093259175449132,139.18833600856073)
(管情,12,2.3978952727983707,63.63576320939334)
(适间,12,2.1972245773362196,156.0662917135358)
(安寝,12,2.3978952727983707,467.4277158044471)
(山川,12,2.3978952727983707,121.25052435329759)
(丛中,12,2.0794415416798357,96.92362146050671)
(强似,12,2.1972245773362196,77.11749011857708)
(按云头,12,2.1972245773362196,229.99454799970528)
(个窟窿,12,2.0794415416798357,57.10839141649745)
(凄惨,12,2.0794415416798357,6727.836206896552)
(功绩,12,2.1972245773362196,1471.8132956152756)
(陈澄,12,2.1972245773362196,2537.9804878048776)
(敖顺,12,2.1972245773362196,2237.7892473118277)
(铺设,12,2.3978952727983707,659.7032967032968)
(鹅笼,12,2.3025850929940455,1482.2962962962963)
(晚斋,12,2.1972245773362196,81.26929084661043)
(找路,12,2.093259175449132,67.18569214876032)
(文殊,12,2.0794415416798357,1020.1686274509804)
(黑气,12,2.3978952727983707,55.27362223894471)
(处治,12,2.1972245773362196,60.15910273457824)
(已毕,12,2.1972245773362196,72.5701998070508)
(天蓬元帅,12,2.1972245773362196,213.78687850979315)
(怒发,12,2.1972245773362196,92.2084182543199)
(百姓,12,2.1972245773362196,102.494163999015)
(与他赌斗,12,2.3978952727983707,266.4034818228366)
(回避,12,2.0794415416798357,88.41133988501515)
(揭开,12,2.3025850929940455,53.85797591525482)
(讲话,12,2.3025850929940455,81.12778398607031)
(调和,12,2.3978952727983707,85.29278688524589)
(金莲,12,2.4849066497880012,61.80147291732658)
(景致,12,2.1972245773362196,874.4302521008402)
(扛子,12,2.1972245773362196,55.11358279706576)
(落伽山,12,2.0794415416798357,242.50104870659518)
(围绕,12,2.1972245773362196,789.3087231352717)
(忽闻得,12,2.3978952727983707,63.45467111147248)
(使钉钯,12,2.3025850929940455,113.25953741496598)
(珍楼,12,2.1972245773362196,595.690487548898)
(国印,12,2.3025850929940455,211.3838028169014)
(榜文,12,2.1972245773362196,408.0674509803921)
(劝解,11,2.3025850929940455,198.2797256097561)
(梅花,11,2.1972245773362196,168.46656069704463)
(收拾行李,11,2.3025850929940455,410.55566714490675)
(魔障,11,2.3025850929940455,268.7680097680098)
(良久,11,2.3978952727983707,582.3306878306879)
(降伏,11,2.3025850929940455,69.0001205632716)
(杨柳枝,11,2.1972245773362196,3283.503155479059)
(鳜婆,11,2.0794415416798357,2154.7989457831322)
(顾不得,11,2.0794415416798357,148.06089926010245)
(暴纱亭,11,2.0794415416798357,4729.872727272727)
(现原身,11,2.1972245773362196,362.06402226861513)
(吵闹,11,2.0794415416798357,2049.1034729681346)
(灵根,11,2.0794415416798357,63.28673478414721)
(消灾,11,2.3025850929940455,320.44490481522956)
(在半空里,11,2.1972245773362196,53.09582610470457)
(手软,11,2.3025850929940455,51.44863358504135)
(赴会,11,2.0794415416798357,155.68102932375822)
(而退,11,2.0794415416798357,83.58130093174051)
(抵住,11,2.3025850929940455,83.16108689334496)
(干戈,11,2.1972245773362196,1065.3659717051378)
(入里边,11,2.1972245773362196,159.6147367246765)
(多心经,11,2.3978952727983707,353.54250061774155)
(家僮,11,2.0794415416798357,186.54322033898308)
(幌亮,11,2.1972245773362196,357.5848797250859)
(蛟龙,11,2.3025850929940455,346.1022012578617)
(大鹏,11,2.1972245773362196,132.36992321213802)
(撒泼,11,2.3025850929940455,308.8250593567883)
(柳树,11,2.0794415416798357,176.15100030778703)
(崎岖,11,2.3025850929940455,43357.166666666664)
(西北,11,2.0794415416798357,71.21884021901442)
(这些和尚,11,2.1972245773362196,60.89295328077288)
(龟蛇,11,2.1972245773362196,2794.5048828125005)
(泰山,11,2.1972245773362196,107.31368247360822)
(狼牙棒,11,2.0794415416798357,656.7006310958119)
(搭包儿,11,2.0794415416798357,160.39308334734596)
(颈项,11,2.1972245773362196,4076.314814814815)
(黎民,11,2.0794415416798357,2838.8621031746034)
(磕头礼拜,11,2.1972245773362196,755.1320754716982)
(奏玉帝,11,2.0794415416798357,280.95954835542466)
(獠牙,11,2.0794415416798357,3335.1666666666665)
(路途,11,2.093259175449132,103.72527910685807)
(跳将起去,11,2.0794415416798357,84.7371335504886)
(配合,11,2.3025850929940455,321.4167134673706)
(龙婆,11,2.1972245773362196,50.03887247101614)
(及至,11,2.1972245773362196,60.03006146552267)
(争竞,11,2.3025850929940455,2457.340489480464)
(恐惧,11,2.1972245773362196,236.63053005871166)
(西方路上,11,2.3025850929940455,109.72289110429448)
(七星剑,11,2.1972245773362196,1605.8209876543212)
(伤害,11,2.3025850929940455,78.03474182244582)
(扫塔,11,2.3025850929940455,458.8059964726631)
(千层,11,2.0794415416798357,70.59337379119795)
(嵯峨,11,2.3025850929940455,21678.583333333332)
(防备,11,2.1972245773362196,1484.9885832900882)
(慈云寺,11,2.1972245773362196,1734.2866666666669)
(旧年,11,2.1972245773362196,60.37583340366276)
(有来有去,10,2.0794415416798357,133.09951394218467)
(献茶,10,2.0794415416798357,290.500279173646)
(第七十,10,2.3025850929940455,294.2794117647059)
(朝廷,10,2.0794415416798357,866.2770562770563)
(谨慎,10,2.1972245773362196,7507.734487734488)
(谓之,10,2.3025850929940455,61.08363858363859)
(在水里,10,2.3025850929940455,73.29726836002988)
(房舍,10,2.1972245773362196,132.14619526567105)
(第六十,10,2.3025850929940455,392.3725490196079)
(至洞口,10,2.0794415416798357,135.04451423676906)
(尾巴,10,2.0794415416798357,1263.4434191355026)
(有甚话说,10,2.1972245773362196,133.09951394218467)
(林内,10,2.1972245773362196,56.06530172413794)
(西牛贺洲,10,2.0794415416798357,634.4951219512195)
(帝君,10,2.1972245773362196,62.71528447444552)
(凡夫,10,2.1972245773362196,171.87037526427062)
(第九十,10,2.3025850929940455,362.19004524886884)
(烧香,10,2.0794415416798357,64.23125354929509)
(第四十,10,2.3025850929940455,247.8142414860681)
(幌金绳,10,2.0794415416798357,1515.1019219569018)
(白鹿,10,2.3025850929940455,121.35516525552214)
(牙齿,10,2.3025850929940455,505.32828282828285)
(镇元子,10,2.1972245773362196,99.10775853858316)
(黑风山,10,2.0794415416798357,148.90415271457599)
(潺潺,10,2.0794415416798357,7136.9821673525375)
(南天门外,10,2.0794415416798357,273.24510267317896)
(伫立,10,2.1972245773362196,1620.3238866396764)
(出水面,10,2.0794415416798357,135.36072013944897)
(迎敌,10,2.0794415416798357,180.36052275799912)
(第三十,10,2.3025850929940455,107.01069518716578)
(弄做个,10,2.3025850929940455,76.87668075297735)
(惠岸,10,2.1972245773362196,2263.0969986950845)
(第八十,10,2.3025850929940455,428.0427807486631)
(炼魔,10,2.3025850929940455,67.58189800742991)
(在一处,10,2.3025850929940455,56.18821344104021)
(相争,10,2.3025850929940455,54.800981662295534)
(饮食,10,2.1972245773362196,362.770882722075)
(禅院,10,2.0794415416798357,219.52995780590717)
(烈火,10,2.0794415416798357,160.67136063245013)
(衙门,10,2.0794415416798357,150.34560480841475)
(水势,10,2.0794415416798357,57.179312467030066)
(放了手,10,2.0794415416798357,80.95064724919095)
(飞升,10,2.0794415416798357,205.43552080865516)
(成正果,10,2.1972245773362196,246.54598872198264)
(辞别,10,2.3025850929940455,260.55989583333337)
(鸟啼,10,2.0794415416798357,850.140522875817)
(擒拿,10,2.3025850929940455,52.437613384398304)
(脚软,10,2.0794415416798357,205.72795571372083)
(修持,10,2.0794415416798357,166.09289704708698)
(犹如,10,2.1972245773362196,82.08216325371534)
(眼睛,10,2.3025850929940455,111.52490782817458)
(渐觉,10,2.1972245773362196,303.3737609329446)
(云游,10,2.0794415416798357,57.34632468835078)
(设法,10,2.0794415416798357,83.79815745393635)
(要吃唐僧,10,2.0794415416798357,111.51534636488341)
(容貌,10,2.0794415416798357,244.34602921147797)
(闯祸,10,2.1972245773362196,1243.2162485065712)
(井木犴,10,2.0794415416798357,4908.358490566038)
(入门里,10,2.3025850929940455,109.94590254004481)
(轮铁棒,10,2.1972245773362196,135.56175091193333)
(苍狼,10,2.1972245773362196,725.036231884058)
(睁眼,10,2.0794415416798357,205.74422651059794)
(财物,10,2.0794415416798357,160.22604089677262)
(寇洪,10,2.0794415416798357,2318.5650623885917)
(路旁边,10,2.0794415416798357,124.99663655583319)
(第二十,10,2.3025850929940455,90.54751131221721)
(半盏,10,2.0794415416798357,162.4827456981356)
(追赶,10,2.0794415416798357,280.26610644257704)
(西梁国,10,2.0794415416798357,313.1611893583725)
(鼓乐,10,2.0794415416798357,349.5840892293221)
(胜境,10,2.0794415416798357,450.30811840055395)
(三个魔头,10,2.0794415416798357,105.85245768229167)
(第五十,10,2.3025850929940455,362.19004524886884)
(非凡,10,2.1972245773362196,234.61670274170274)
(撞钟,10,2.0794415416798357,222.42999444230685)
(趁早儿,10,2.0794415416798357,67.57136549001272)
(玉面公主,9,2.0794415416798357,1095.3389473684213)
(夜雨,9,2.0794415416798357,51.5815598149372)
(管事的,9,2.0794415416798357,85.63438854446699)
(亲戚,9,2.0794415416798357,1576.624242424242)
(祷祝,9,2.1972245773362196,5675.847272727273)
(快活,9,2.0794415416798357,60.9257972598462)
(家业,9,2.1972245773362196,107.25089326614749)
(包裹,9,2.0794415416798357,1040.572)
(衣钵,9,2.1972245773362196,161.19570381080243)
(呻吟,9,2.0794415416798357,5927.308860759493)
(千岁,9,2.0794415416798357,53.31527531083481)
(悲啼,9,2.0794415416798357,625.34375)
(一匹白马,9,2.0794415416798357,73.4971041107501)
(嘤嘤的,9,2.0794415416798357,78.49818949909475)
(恩爱,9,2.0794415416798357,172.56583747927033)
(识破,9,2.0794415416798357,124.80873180873179)
(赛过,9,2.0794415416798357,69.30780616322784)
(山脚下,9,2.0794415416798357,179.20298507462684)
(弄神通,9,2.0794415416798357,91.68573778195487)
(干柴,9,2.0794415416798357,235.21066907775764)
(素酒,9,2.0794415416798357,123.90712074303404)
(大小官员,9,2.0794415416798357,129.96319733555367)
(馒头,9,2.0794415416798357,268.32697266632283)
(举钉钯,9,2.0794415416798357,196.45789804908748)
(观音院,9,2.0794415416798357,343.04571428571427)
(旌旗,9,2.0794415416798357,3242.779778393351)
(走出门来,9,2.0794415416798357,53.88710642607255)
(山顶上,9,2.0794415416798357,74.890029747625)
(苏醒,9,2.0794415416798357,4343.760667903524)
(躲避,9,2.1972245773362196,755.2538709677419)
(黄花观,9,2.1972245773362196,661.3805084745762)
(古树,9,2.1972245773362196,79.37238749046527)
(整顿,9,2.0794415416798357,242.36925465838505)
(丹凤,9,2.0794415416798357,186.37110447761194)
(老孙自有,9,2.0794415416798357,79.85970836531081)
(铁匠,9,2.0794415416798357,458.2671755725191)
(享用,9,2.0794415416798357,237.44100197758735)
(我佛如来,9,2.0794415416798357,54.78296577946768)
(彩霞,9,2.1972245773362196,295.6170454545454)
(战败,9,2.0794415416798357,73.39457680250784)
(铁索,9,2.0794415416798357,82.17204527507239)
(粉面,9,2.0794415416798357,61.89787177792464)
(容颜,9,2.0794415416798357,452.5100502512563)
(降临,9,2.0794415416798357,148.7097942073171)
(坠落,9,2.0794415416798357,332.5691761363636)
(六街三市,9,2.1972245773362196,1279.3918032786883)
(少时间,9,2.0794415416798357,263.3618672665916)
(慈悯,9,2.0794415416798357,2684.962155963303)
(故曰,9,2.0794415416798357,100.84364905026489)
(剿除,9,2.0794415416798357,2787.2464285714286)
(宽阔,9,2.0794415416798357,1297.830931263858)
(俗语云,9,2.0794415416798357,391.38866599799394)
(金箍铁棒,9,2.0794415416798357,166.77021155352944)
(薜萝,9,2.0794415416798357,13936.232142857141)
(供状,9,2.0794415416798357,626.5989562424728)
(未及,8,2.0794415416798357,86.3903694479037)
(万载,8,2.0794415416798357,184.49858156028367)
(前前后后,8,2.0794415416798357,324.9756402248595)
(叙话,8,2.0794415416798357,131.93508304805374)
(草还丹,8,2.0794415416798357,1589.8731856378915)
(撒开,8,2.0794415416798357,63.92897954168459)
(那伙贼,8,2.0794415416798357,54.57020741012664)
(残生,8,2.0794415416798357,74.72286950433549)
(排列,8,2.0794415416798357,148.97770142095277)
(腰束,8,2.0794415416798357,247.75523809523807)
(妖氛,8,2.0794415416798357,209.2653594771242)
(这一番,8,2.0794415416798357,56.938865405398005)
(檐下,8,2.0794415416798357,51.38436848017975)
(雄威,8,2.0794415416798357,276.52723890512885)
(凭他怎么,8,2.0794415416798357,289.04777777777775)
(忍疼,8,2.0794415416798357,166.09289704708698)
(猛烈,8,2.0794415416798357,1238.7761904761903)
(白昼,8,2.0794415416798357,205.2005521593374)
(光亮,8,2.0794415416798357,69.09852748310838)
(白雪,8,2.0794415416798357,92.13086015317188)
(悟能悟净,8,2.0794415416798357,927.2194252617511)
(洗浴,8,2.0794415416798357,1291.0322580645163)
(梳妆,8,2.0794415416798357,4645.410714285714)